11110011111011110000000000000000000000000000000000000000000000011111111111111111111111111111111111111111111100110000001111001111101111000000000000000000000000000000000000000000000001111111011111111000011111111111111111111111110
11110011111011110000000000000000000000000000000000000000000000011111110111111110000111111111111111111111111100110000001111001111101111000000000000000000000000000000000000000000000000111111011111111111111111111111111111111111000
11110011111011110000000000000000000000000000000000000000000000001111110111111111111111111111111111111111110000110000001111001111101111000000000000000000000000000000000000000000000001111111111111111111111111111111111111111111000
11110011111011110000000000000000000000000000000000000000000000011111111111111111111111111111111111111111110000110000001111001111101111000000000000000000000000000000000000000000000111111111111111111101111111111111111111111111110
11110011111011110000000000000000000000000000000000000000000001111111111111111111011111111111111111111111111100000000001111001111101111000000000000000000000000000000000000000000001111111111111111111110001110111111111111111111110
11110011111011110000000000000000000000000000000000000000000011111111111111111111100011101111111111111111111100000000001111001111101111000000000000000000000000000000000000000000001111111111111111111111111111111111111111111111110
11110011111011110000000000000000000000000000000000000000000011111111111111111111111111111111111111111111111100000000001111001111101111000000000000000000000000000000000000000000001111111111111111111111111111111111111111111111110
11110011111011110000000000000000000000000000000000000000000011111111111111111111111111111111111111111111111100000000001111001111101111000000000000000000000000000000000000000001110111111111111111111111111111111111111111111111110
11110011111011110000000000000000000000000000000000000000011101111111111111111111111111111111111111111111111100000000001111001111101111000000000000000000000000000000000000000011011011111111111111111111111111111111111111111111110
11110011111011110000000000000000000000000000000000000000110110111111111111111111111111111111111111111111111100010000001111001111101111000000000000000000000000000000000000000011011010111111111111111111111111111111111111111100110
11110011111011110000000000000000000000000000000000000000110110101111111111111111111111111111111111111111001100010000001111001111101111000000000000000000000000000000000000000010111111111111111111111111111111111111111111111111111
11110011111011110000000000000000000000000000000000000000101111111111111111111111111111111111111111111111111110010000001111001111101111000000000000000000000000000000000000000010101111111111111111111111111111111111111111111111111
11110011111011110000000000000000000000000000000000000000101011111111111111111111111111111111111111111111111110110000001111001111101111000000000000000000000000000000000000000010111111111111111111111111111111111111111111111111111
11110011111011110000000000000000000000000000000000000000101111111111111111111111111111111111111111111111111110110000001111001111101111000000000000000000000000000000000000000011011111111111111111111111111111111111111111111111111
11110011111011110000000000000000000000000000000000000000110111111111111111111111111111111111111111111111111111110000001111001111101111000000000000000000000000000000001001110001110111111111111111111111111111111111111111111111111
11110011111011110000000000000000000000000000000010011100011101111111111111111111111111111111111111111111111111110000001111001111101111000000000000000000000000000000011111111111111111111111111111111111111111111111111111111111111
11110011111011110000000000000000000000000000000111111111111111111111111111111111111111111111111111111111111111111000001111001111101111000000000000000000000000000000011111111111111111111111111111111111111111111111111111111111111
11110011111011110000000000000000000000000000000111111111111111111111111111111111111111111111111111111111111111111000001111001111101111000000000000000000000000000000011101111111111111111111111111111111111111111111111111111111111
11110011111011110000000000000000000000000000000111011111111111111111111111111111111111111111111111111111111111111000001111001111101111000000000000000000000000000000001111111111111111111111111111111111111111111111111111111111111
11110011111011110000000000000000000000000000000011111111111111111111111111111111111111111111111111111111111111111000001111001111101111000000000000000000000000000000001111111111111111111111111111111111111111111111111111111111111
11110011111011110000000000000000000000000000000011111111111111111111111111111111111111111111111111111111111111111000001111001111101111000000000000000000000000000000001111111111111111111111111111111111111111111111111111111111111
11110011111011110000000000000000000000000000000011111111111111111111111111111111111111111111111111111111111111111000001111001111101111000000000000000000000000000000011111111111111111111111111111111111111111111111111111111111111
11110011111011110000000000000000000000000000000111111111111111111111111111111111111111111111111111111111111111111000001111001111101111000000000000000000000000000000011111111111111111111111111111111111111111111111111111111111111
11110011111011110000000000000000000000000000000111111111111111111111111111111111111111111111111111111111111110111000001111001111101111000000000000000000000000001000011111111111111111111111111111111111111111111111111111111111111
11110011111011110000000000000000000000000010000111111111111111111111111111111111111111111111111111111111111110111000001111001111101111000000000000000000000000000100011111111111111111111111111111111111111111111111111111111111111
11110011111011110000000000000000000000000001000111111111111111111111111111111111111111111111111111111111111111110000001111001111101111000000000000000000000000000111111111111111111111111111111111111111111111111111111111111111111
11110011111011110000000000000000000000000001111111111111111111111111111111111111111111111111111111111111111111110000001111001111101111000000000000000000000000000011011111111111111111111111111111111111111111111111111111111111111
11110011111011110000000000000000000000000000110111111111111111111111111111111111111111111111111111111111111111110000001111001111101111000000000000000000000000100000001011111111111111111111111111111111111111111111111111111111111
11110011111011110000000000000000000000001000000010111111111111111111111111111111111111111111111111111111111111110000001111001111101111000000000000000000000000110000111111111111111111111111111111111111111111111111111111111111111
11110011111011110000000000000000000000001100001111111111111111111111111111111111111111111111111111111111111111110000001111001111101111000000000000000000000000011001111111111111111111111111111111111111111111111111111111111110111
11110011111011110000000000000000000000000110011111111111111111111111111111111111111111111111111111111111101111110000001111001111101111000000000000000000000000001101111111111111111111111111111111111111111111111111111111111011111
11110011111011110000000000000000000000000011011111111111111111111111111111111111111111111111111111111110111111110000001111001111101111000000000000000000000000000011111111111111111111111111111111111111111111111111111111111111111
11110011111011110000000000000000000000000000111111111111111111111111111111111111111111111111111111111111111110000000001111001111101111000000000000000000000000001001111111111111111111111111111111111111111111111111111111111111110
11110011111011110000000000000000000000000010011111111111111111111111111111111111111111111111111111111111111100000000001111001111101111000000000000000010000001101100110111111111111111111111111111111111111111111111111111111111110
11110011111011110000000000000000100000011011001101111111111111111111111111111111111111111111111111111111111100000000001111001111101111000000000000000010000011100101111111111111111111111111111111111111111111111111111111111111110
11110011111011110000000000000000100000111001011111111111111111111111111111111111111111111111111111111111111100000000001111001111101111000000000000000010000111101111111111111111111111111111111111111111111111111111111111111111110
11110011111011110000000000000000100001111011111111111111111111111111111111111111111111111111111111111111111100000000001111001111101111000000000000000000000111111111111111111111111111111111111111111111111111111111111111101111110
11110011111011110000000000000000000001111111111111111111111111111111111111111111111111111111111111111011111100000000001111001111101111000000000000000000000111111111111111111111111111111111111111111111111111111111111101101011000
11110011111011110000000000000000000001111111111111111111111111111111111111111111111111111111111111011010110000000000001111001111101111000000000000000000000111111111111111111111111111111111111111111111111111111111111110010111000
11110011111011110000000000000000000001111111111111111111111111111111111111111111111111111111111111100101110000000000001111001111101111000000000011000110001111111111111111111111111111111111111111111111111111111111111111111100000
11110011111011110000000000110001100011111111111111111111111111111111111111111111111111111111111111111111000000000000001111001111101111000000000011000101110110110111111111111111111111111111111111111111111111111111111111111100000
11110011111011110000000000110001011101101101111111111111111111111111111111111111111111111111111111111111000001110000001111001111101111000000000011000101110111111111111111111111111111111111111111111111111111111111111111111111111
11110011111011110000000000110001011101111111111111111111111111111111111111111111111111111111111111111111111111111111111111001111101111000000000011000111111011101111111111111111111111111111111111111111111111111111111111111111111
11110011111011110000000000110001111110111011111111111111111111111111111111111111111111111111111111111111111111111111111111001111101111000000000011000111111111111111111111111111111111111111111111111111111111111111111111111111111
11110011111011110000000000110001111111111111111111111111111111111111111111111111111111111111111111111111111111110000001111001111101111000000000011000101100111011111111111111111111111111111111111111111111111111111111111111111111
11110011111011110000000000110001011001110111111111111111111111111111111111111111111111111111111111111111111111110000001111001111101111000000000011000101111111111111111111111111111111111111111111111111111111111111111111111111111
11110011111011110000000000110001011111111111111111111111111111111111111111111111111111111111111111111111111111111111111111001111101110110000000011000110011111111111111111111111111111111111111111111111111111111111111111111111111
11110011111011101100000000110001100111111111111111111111111111111111111111111111111111111111111111111111111111111111111111111111111101111001110111111011111111111111111111111111111111111111111111111111111111111111111111111111111
11111111111111011110011101111110111111111111111111111111111111111111111111111111111111111111111111111111111111111111111111111111111101111011111111111111111111111111111111111111111111111111111111111111111111111111111111111111111
11111111111111011110111111111111111111111111111111111111111111111111111111111111111111111111111111111111111111111111111111111111111100110011111111111111111111111111111111111111111111111111111111111111111111111111111111111111111
11111111111111001100111111111111111111111111111111111111111111111111111111111111111111111111111111111111111111111111111111111111111100111101111111111111111111111111111111111111111111111111111111111111111111111111111111111111111
11111111111111001111011111111111111111111111111111111111111111111111111111111111111111111111111111111111111111111111111111111111111101111111111111111111111111111111111111111111111111111111111111111111111111111111111111111111111
11111111111111011111111111111111111111111111111111111111111111111111111111111111111111111111111111111111111111111111111111111111111101111111111111111111111111111111111111111111111111111111111111111111111111111111111111111111111
11111111111111011111111111111111111111111111111111111111111111111111111111111111111111111111111111111111111111111111111111111111111101111111111111111111111111111111111111111111111111111111111111111111111111111111111111111111111
11111111111111011111111111111111111111111111111111111111111111111111111111111111111111111111111111111111111111111111111111111111111100111011111111111111111111111111111111111111111111111111111111111111111111111111111111111111111
11111111111111001110111111111111111111111111111111111111111111111111111111111111111111111111111111111111111111111111111111111111111100111111111111111111111111111111111111111111111111111111111111111111111111111111111111111111111
11111111111111001111111111111111111111111111111111111111111111111111111111111111111111111111111111111111111111111111111111111111111101111111111111111111111111111111111111111111111111111111111111111111111111111111111111111111111
11111111111111011111111111111111111111111111111111111111111111111111111111111111111111111111111111111111111111111111111111111111111101111011111111111111111111111111111111111111111111111111111111111111111111111111111111111111111
11111111111111011110111111111111111111111111111111111111111111111111111111111111111111111111111111111111111111111111111111111111111101111111111111111111111111111111111111111111111111111111111111111111111111111111111111111111111
11111111111111011111111111111111111111111111111111111111111111111111111111111111111111111111111111111111111111111111111111111111111101111111111111111111111111111111111111111111111111111111111111111111111111111111111111111111111
11111111111111011111111111111111111111111111111111111111111111111111111111111111111111111111111111111111111111111111111111111111111101111111111111111111111111111111111111111111111111111111111111111111111111111111111111111111111
11111111111111011111111111111111111111111111111111111111111111111111111111111111111111111111111111111111111111111111111111111111111100111111111111111111111111111111111111111111111111111111111111111111111111111111111111111111111
11111111111111001111111111111111111111111111111111111111111111111111111111111111111111111111111111111111111111111111111111101111111100011111111111111111111111111111111111111111111111111111111111111111111111111111111111111111111
11111011111111000111111111111111111111111111111111111111111111111111111111111111111111111111111111111111111111111111111111101111111111101111111111111111111111111111111111111111111111111111111111111111111111111111111111111111111
11111011111111111011111111111111111111111111111111111111111111111111111111111111111111111111111111111111111111111111111111001111111111111111111111111111111111111111111111111111111111111111111111111111111111111111111111111111111
11110011111111111111111111111111111111111111111111111111111111111111111111111111111111111111111111111111111111111111111111101111111111101111111111111111111111111111111111111111111111111111111111111111111111111111111111111111111
11111011111111111011111111111111111111111111111111111111111111111111111111111111111111111111111111111111111111111111111111001111111111111111111111111111111111111111111111111111111111111111111111111111111111111111111111111111111
11110011111111111111111111111111111111111111111111111111111111111111111111111111111111111111111111111111111111111111111111101111111111111111111111111111111111111111111111111111111111111111111111111111111111111111111111111111111
11111011111111111111111111111111111111111111111111111111111111111111111111111111111111111111111111111111111111111111111111001111111111111111111111111111111111111111111111111111111111111111111111111111111111111111111111111111111
11110011111111111111111111111111111111111111111111111111111111111111111111111111111111111111111111111111111111111111111111101111111111101111111111111111111111111111111111111111111111111111111111111111111111111111111111111111111
11111011111111111011111111111111111111111111111111111111111111111111111111111111111111111111111111111111111111111111111111001111111111111111111111111111111111111111111111111111111111111111111111111111111111111111111111111111111
11110011111111111111111111111111111111111111111111111111111111111111111111111111111111111111111111111111111111111111111111101111111111111111111111111111111111111111111111111111111111111111111111111111111111111111111111111111111
11111011111111111111111111111111111111111111111111111111111111111111111111111111111111111111111111111111111111111111111111001111111111111111111111111111111111111111111111111111111111111111111111111111111111111111111111111111111
11110011111111111111111111111111111111111111111111111111111111111111111111111111111111111111111111111111111111111111111111101111111111111111111111111111111111111111111111111111111111111111111111111111111111111111111111111111111
11111011111111111111111111111111111111111111111111111111111111111111111111111111111111111111111111111111111111111111111111001111111111111111111111111111111111111111111111111111111111111111111111111111111111111111111111111111111
11110011111111111111111111111111111111111111111111111111111111111111111111111111111111111111111111111111111111111111111111101111111111111111111111111111111111111111111111111111111111111111111111111111111111111111111111111111111
11111011111111111111111111111111111111111111111111111111111111111111111111111111111111111111111111111111111111111111111111001111111111111111111111111111111111111111111111111111111111111111111111111111111111111111111111111111111
11110011111111111111111111111111111111111111111111111111111111111111111111111111111111111111111111111111111111111111111111101111111111111111111111111111111111111111111111111111111111111111111111111111111111111111111111111111111
11111011111111111111111111111111111111111111111111111111111111111111111111111111111111111111111111111111111111111111111111101111111111111111111111111111111111111111111111111111111111111111111111111111111111111111111111111111111
11111011111111111111111111111111111111111111111111111111111111111111111111111111111111111111111111111111111111111111111111111111111100111111111111111111111111111111111111111111111111111111111111111111111111111111111111111111111
11111111111111001111111111111111111111111111111111111111111111111111111111111111111111111111111111111111111111111111111111111111111100111111111111111111111111111111111111111111111111111111111111111111111111111111111111111111111
11111111111111001111111111111111111111111111111111111111111111111111111111111111111111111111111111111111111111111111111111111111111101110011111111111111111111111111111111111111111111111111111111111111111111111111111111111111111
11111111111111011100111111111111111111111111111111111111111111111111111111111111111111111111111111111111111111111111111111111111111101111111111111111111111111111111111111111111111111111111111111111111111111111111111111111111111
11111111111111011111111111111111111111111111111111111111111111111111111111111111111111111111111111111111111111111111111111111111111101111111111111111111111111111111111111111111111111111111111111111111111111111111111111111111111
11111111111111011111111111111111111111111111111111111111111111111111111111111111111111111111111111111111111111111111111111111111111101111111111111111111111111111111111111111111111111111111111111111111111111111111111111111111111
11111111111111011111111111111111111111111111111111111111111111111111111111111111111111111111111111111111111111111111111111111111111100111111111111111111111111111111111111111111111111111111111111111111111111111111111111111111111
11111111111111001111111111111111111111111111111111111111111111111111111111111111111111111111111111111111111111111111111111111111111100111111111111111111111111111111111111111111111111111111111111111111111111111111111111111111111
11111111111111001111111111111111111111111111111111111111111111111111111111111111111111111111111111111111111111111111111111111111111101111111111111111111111111111111111111111111111111111111111111111111111111111111111111111111111
11111111111111011111111111111111111111111111111111111111111111111111111111111111111111111111111111111111111111111111111111111111111100111111111111111111111111111111111111111111111111111111111111111111111111111111111111111111111
11111111111111001111111111111111111111111111111111111111111111111111111111111111111111111111111111111111111111111111111111111111111101111111111111111111111111111111111111111111111111111111111111111111111111111111111111111111111
11111111111111011111111111111111111111111111111111111111111111111111111111111111111111111111111111111111111111111111111111111111111101111111111111111111111111111111111111111111111111111111111111111111111111111111111111111111111
11111111111111011111111111111111111111111111111111111111111111111111111111111111111111111111111111111111111111111111111111111111111101111111111111111111111111111111111111111111111111111111111111111111111111111111111111111111111
11111111111111011111111111111111111111111111111111111111111111111111111111111111111111111111111111111111111111111111111111111111111101111111111111111111111111111111111111111111111111111111111111111111111111111111111111111111111
11111111111111011111111111111111111111111111111111111111111111111111111111111111111111111111111111111111111111111111111111111111111100111111111111111101110001100111111111111111111111111111111111111111111111111111111111111111111
11111111111111001111111111111111011100011001111111111111111111111111111111111111111111111111111111111111111111111111111111111111111101111111111111111111111111111111111111111111111111111111111111111111111111111111111111111111111
11111111111111011111111111111111111111111111111111111111111111111111111111111111111111111111111111111111111111111111111111101111101111111111111111111111100000000000000000000000000000000000000000000000000000000000000000000000000
11111011111011111111111111111111111000000000000000000000000000000000000000000000000000000000000000000000000000000000001111001111101111000111110011111111100000000000000000000000000000000000000000000000000000000000000000000000000
11110011111011110001111100111111111000000000000000000000000000000000000000000000000000000000000000000000000000000000001111001111101111000000110000111111100000000000000000000000000000000000000000000000000000000000000000000000000
11110011111011110000001100001111111000000000000000000000000000000000000000000000000000000000000000000000000000000000001111001111101111000000000000000011000000000000000000000000000000000000000000000000000000000000000000000000000
11110011111011110000000000000000110000000000000000000000000000000000000000000000000000000000000000000000000000000000001111001111101111000000000000000000000000000000000000000000000000000000000000000000000000000000000000000000000
11110011111011110000000000000000000000000000000000000000000000000000000000000000000000000000000000000000000000000000001111001111101111000000000000000000000000000000000000000000000000000000000000000000000000000000000000000000000
11110011111011110000000000000000000000000000000000000000000000000000000000000000000000000000000000000000000000000000001111001111101111000000000000000000000000000000000000000000000000000000000000000000000000000000000000000000000
11110011111011110000000000000000000000000000000000000000000000000000000000000000000000000000000000000000000000000000001111001111101111110000000000000000000000000000000000000000000000000000000000000000000000000000000000000000000
11110011111011111100000000000000000000000000000000000000000000000000000000000000000000000000000000000000000000000000001111001111101111000000000000000000000000000000000000000000000000000000000000000000000000000000000000000000000
11110011111011110000000000000000000000000000000000000000000000000000000000000000000000000000000000000000000000000000001111001111101111000000000000000000000000000000000000000000000000000000000000000000000000000000000000000000000
11110011111011110000000000000000000000000000000000000000000000000000000000000000000000000000000000000000000000000000001111001111101111000000000000000000000000000000000000000000000000000000000000000000000000000000000000000000000
11110011111011110000000000000000000000000000000000000000000000000000000000000000000000000000000000000000000000000000001111001111101111000000000000000000000000000000000000000000000000000000000000000000000000000000000000000000000
11110011111011110000000000000000000000000000000000000000000000000000000000000000000000000000000000000000000000000000001111001111101111000000000000000000000000000000000000000000000000000000000000000000000000000000000000000000000
11110011111011110000000000000000000000000000000000000000000000000000000000000000000000000000000000000000000000000000001111001111101111000000000000000000000000000000000000000000000000000000000000000000000000000000000000000000000
11110011111011110000000000000000000000000000000000000000000000000000000000000000000000000000000000000000000000000000001111001111101111000000000000000000000000000000000000000000000000000000000000000000000000000000000000000000000
11110011111011110000000000000000000000000000000000000000000000000000000000000000000000000000000000000000000000000000001111001111101111000000000000000000000000000000000000000000000000000000000000000000000000000000000000000000000
11110011111011110000000000000000000000000000000000000000000000000000000000000000000000000000000000000000000000000000001111001111101111000000000000000000000000000000000000000000000000000000000000000000000000000000000000000000000
11110011111011110000000000000000000000000000000000000000000000000000000000000000000000000000000000000000000000000000001111001111101111000000000000000000000000000000000000000000000000000000000000000000000000000000000000000000000
11110011111011110000000000000000000000000000000000000000000000000000000000000000000000000000000000000000000000000000001111001111101111000000000000000000000000000000000000000000000000000000000000000000000000000000000000000000000
11110011111011110000000000000000000000000000000000000000000000000000000000000000000000000000000000000000000000000000001111001111101111000000000000000000000000000000000000000000000000000000000000000000000000000000000000000000000
11110011111011110000000000000000000000000000000000000000000000000000000000000000000000000000000000000000000000000000001111001111101111000000000000000000000000000000000000000000000000000000000000000000000000000000000000000000000
11110011111011110000000000000000000000000000000000000000000000000000000000000000000000000000000000000000000000000000001111001111101111000000000000000000000000000000000000000000000000000000000000000000000000000000000000000000000
11110011111011110000000000000000000000000000000000000000000000000000000000000000000000000000000000000000000000000000000000000000000000000000000000000000000000000000000000000000000000000000000000000000000000000000000000000000000
